%YAML:1.0
---
aruco_bc_dict: ARUCO_MIP_36h12
aruco_bc_nmarkers: 21
aruco_bc_mInfoType: 0
aruco_bc_markers:
   - { id:100, corners:[ [ -250., 250., 0. ], [ 250., 250., 0. ], [ 250.,
       -250., 0. ], [ -250., -250., 0. ] ] }
   - { id:101, corners:[ [ -250., 250., 0. ], [ 250., 250., 0. ], [ 250.,
       -250., 0. ], [ -250., -250., 0. ] ] }
   - { id:102, corners:[ [ -250., 250., 0. ], [ 250., 250., 0. ], [ 250.,
       -250., 0. ], [ -250., -250., 0. ] ] }
   - { id:103, corners:[ [ -250., 250., 0. ], [ 250., 250., 0. ], [ 250.,
       -250., 0. ], [ -250., -250., 0. ] ] }
   - { id:104, corners:[ [ -250., 250., 0. ], [ 250., 250., 0. ], [ 250.,
       -250., 0. ], [ -250., -250., 0. ] ] }
   - { id:105, corners:[ [ -250., 250., 0. ], [ 250., 250., 0. ], [ 250.,
       -250., 0. ], [ -250., -250., 0. ] ] }
   - { id:106, corners:[ [ -250., 250., 0. ], [ 250., 250., 0. ], [ 250.,
       -250., 0. ], [ -250., -250., 0. ] ] }
   - { id:107, corners:[ [ -250., 250., 0. ], [ 250., 250., 0. ], [ 250.,
       -250., 0. ], [ -250., -250., 0. ] ] }
   - { id:108, corners:[ [ -250., 250., 0. ], [ 250., 250., 0. ], [ 250.,
       -250., 0. ], [ -250., -250., 0. ] ] }
   - { id:109, corners:[ [ -250., 250., 0. ], [ 250., 250., 0. ], [ 250.,
       -250., 0. ], [ -250., -250., 0. ] ] }
   - { id:110, corners:[ [ -250., 250., 0. ], [ 250., 250., 0. ], [ 250.,
       -250., 0. ], [ -250., -250., 0. ] ] }
   - { id:111, corners:[ [ -250., 250., 0. ], [ 250., 250., 0. ], [ 250.,
       -250., 0. ], [ -250., -250., 0. ] ] }
   - { id:112, corners:[ [ -250., 250., 0. ], [ 250., 250., 0. ], [ 250.,
       -250., 0. ], [ -250., -250., 0. ] ] }
   - { id:113, corners:[ [ -250., 250., 0. ], [ 250., 250., 0. ], [ 250.,
       -250., 0. ], [ -250., -250., 0. ] ] }
   - { id:114, corners:[ [ -250., 250., 0. ], [ 250., 250., 0. ], [ 250.,
       -250., 0. ], [ -250., -250., 0. ] ] }
   - { id:115, corners:[ [ -250., 250., 0. ], [ 250., 250., 0. ], [ 250.,
        -250., 0. ], [ -250., -250., 0. ] ] }
   - { id:116, corners:[ [ -250., 250., 0. ], [ 250., 250., 0. ], [ 250.,
        -250., 0. ], [ -250., -250., 0. ] ] }
   - { id:117, corners:[ [ -250., 250., 0. ], [ 250., 250., 0. ], [ 250.,
        -250., 0. ], [ -250., -250., 0. ] ] }
   - { id:118, corners:[ [ -250., 250., 0. ], [ 250., 250., 0. ], [ 250.,
       -250., 0. ], [ -250., -250., 0. ] ] }
   - { id:119, corners:[ [ -250., 250., 0. ], [ 250., 250., 0. ], [ 250.,
       -250., 0. ], [ -250., -250., 0. ] ] }
   - { id:120, corners:[ [ -250., 250., 0. ], [ 250., 250., 0. ], [ 250.,
       -250., 0. ], [ -250., -250., 0. ] ] }
